10 -7.2 117.26
0.8 -8.4 55.851
8 -5.2 54.247
-2 3.2 5.1657
4.8 3.6 -1.9407
-8.4 -5.2 14.435
5.2 -8.4 89.604
-0.4 3.6 -1.2442
-1.2 5.6 18.013
5.2 -3.6 38.337
3.6 -0.8 -0.33684
7.2 5.2 -7.608
-7.2 6.8 76.376
-2 -2.4 5.0272
-2.8 0.4 -3.6972
3.2 -7.2 71.775
-0.4 0.4 3.4979
6.4 2.8 -7.2619
2.4 7.6 24.206
-2 -5.2 13.759
-8.8 -2.4 20.384
-4.8 2.4 24.82
-7.6 1.6 21.492
-4.4 -3.6 13.07
7.6 4 -5.5212
-8 10 136.79
1.7764e-015 4.8 12.48
-3.2 -6 9.1373
-1.2 -3.6 11.287
8.8 4.4 -4.7875
6.8 -0.8 18.944
1.7764e-015 8.8 46.262
4 -8.4 84.165
-5.6 -4.8 12.657
-7.2 4.4 49.813
-3.6 -3.2 -3.8714
-0.4 -1.2 -3.623
-2 6 32.126
6.8 2.8 -6.7038
1.7764e-015 8 30.573
-8.4 6 77.386
-7.2 1.2 29.798
-0.4 7.2 26.306
-3.6 -2.8 -5.193
-6.4 5.6 57.049
2 2 -9.9749
6.4 6 -2.3776
9.6 -4.8 72.38
4 3.6 -9.8991
-2.4 0.8 4.3031
6 4.8 -4.5571
-0.8 -5.2 17.204
-3.6 2 12.993
1.2 -8.4 51.695
1.6 1.2 -9.1281
2.4 -1.6 -1.8539
7.6 -8.8 112.43
4.4 0.4 -2.5558
5.6 7.6 0.50569
-5.6 2.4 34.016
7.2 1.2 -2.7706
0.4 -1.6 5.7508
8.8 10 6.1956
3.2 -4.8 36.774
-2 -7.2 26.177
-2.4 1.6 -2.9603
-1.6 -4 17.206
1.7764e-015 2.4 -7.9435
1.6 2.8 -1.0569
7.2 2 -4.3928
0.4 -9.2 64.882
-1.2 -1.6 7.1652
9.6 0.4 19.823
5.2 -9.6 103.11
-8 -4 19.101
-4.8 8.8 89.489
-2 1.7764e-015 -1.6718
5.6 5.6 6.5867
-4 9.6 85.518
5.6 1.2 -4.5996
-0.4 1.6 1.5751
3.2 2.4 -11.146
-1.6 -3.6 10.732
-3.6 -4.4 -1.1766
1.6 -2.8 14.575
6.8 -8.4 98.574
7.2 6 -19.311
0.8 -8.8 62.713
2.8 2.4 -10.197
2.4 -4.4 19.843
4 -2 26.695
-5.2 -8.8 30.399
-1.2 4 13.707
-3.6 0.8 9.4793
-9.2 -8 23.196
6.4 -9.6 115.87
-5.6 0.8 20.256
-1.6 -0.4 2.1661
10 5.2 -5.955
0.8 -2 4.9612
-4.8 2 11.647
-3.2 10 90.33
-2 -4.8 12.473
6 -4.8 43.045
-8.4 1.6 24.36
7.2 -4.4 42.88
7.2 -5.2 62.803
-8.8 1.7764e-015 21.167
-6 -5.2 3.6509
-3.6 4 17.73
-2.8 1.7764e-015 8.1637
-3.6 -4.8 -5.0143
7.2 -2 22.277
-2 -3.2 8.8393
3.6 -2.8 14.123
5.6 -0.4 12.236
4.8 -6.4 61.063
5.2 -0.4 5.6778
4.4 1.2 -3.7766
-6.4 -0.8 13.965
-4.4 10 95.445
-5.2 -8.4 14.951
6.8 -5.6 58.923
-7.6 -6.4 17.271
-5.2 -2 14.087
2 1.7764e-015 3.7474
3.2 6.8 3.2646
1.2 1.6 -1.6062
-5.2 0.4 19.232
1.7764e-015 9.6 53.411
6.8 3.2 6.0804
9.6 -6.8 107.23
8.4 -1.2 25.721
4.4 -5.2 35.91
-0.8 -3.2 2.6742
-2.8 -1.2 3.7314
9.6 -1.6 23.74
-3.6 8.8 80.212
5.2 -8.8 103.08
4 -8 74.641
-4 4.8 43.57
8.4 8 11.561
-4 2 17.493
-4.8 2.8 17.476
-7.2 -8.4 19.264
-6.8 8.4 102.93
2.8 5.2 1.2186
-4.8 9.6 97.543
-7.6 2 37.239
8.4 4.4 -5.2163
0.4 10 53.295
2 1.2 -5.1735
-3.2 -5.6 23.279
1.6 2 1.9357
7.2 10 20.047
-4.4 2 14.702
-1.2 -6 13.858
2 4.4 -0.058718
-4.4 9.6 75.046
-9.2 1.2 27.351
-9.6 1.2 26.599
-9.2 -2 14.012
4.8 6.4 -2.4992
4.8 -0.4 8.7007
10 6.8 -2.6505
-7.6 7.6 88.346
4.4 -7.2 74.095
-8.8 6 90.584
1.7764e-015 -8.4 47.796
-2 7.6 41.346
1.7764e-015 10 56.929
4 1.2 -1.8396
5.2 5.2 -0.53385
-6.4 -3.2 12.623
-8.4 2.4 34.309
6.8 -8.8 103.92
3.2 -2.4 9.0704
-9.2 -9.6 26.415
6 -5.2 43.465
2 4 -0.20845
-5.6 -6.8 16.297
7.6 -4 48.176
8.8 -5.6 83.596
9.6 2 0.88018
-8.8 -1.2 3.7948
-2.4 2.4 7.6276
-3.6 -2 6.0362
1.6 -9.6 71.112
-4 -4 23.6
-8.8 9.6 138.14
-2.8 -4.8 -3.7936
2.8 6.8 13.189
2.8 6.4 13.542
-7.6 -3.2 11.488
-6.4 8 84.671
-7.2 10 125.87
-1.6 8.4 56.571
-2 2.8 16.433
-8.8 2.8 39.93
-4 3.2 18.993
-6.4 -7.6 16.494l
8.4 -3.6 40.792
-6.4 3.6 38.473
8.4 6 -23.117
-6.8 -6.4 10.492
-6.4 -5.6 3.3323
4 -4.8 22.71
-4.8 -3.6 -8.0639
7.2 -4 51.857
5.2 6.4 16.495
0.4 -3.6 16.504
-9.6 -6 16.007
-1.6 -2 -7.5073
8.4 4.8 -16.896
-4.4 1.2 13.239
-0.8 2.4 13.396
8.8 -4 46.169
5.6 3.6 -3.9684
4 6.4 0.24178
8.4 1.6 5.8244
-8 -1.6 10.78
-6.8 1.2 20.277
-6.4 -1.6 6.6911
-3.6 -6.4 15.539
3.6 -0.4 -4.9854
-6.8 -7.6 9.1477
0.4 -5.2 27.255
8 6 -4.457
-4.4 1.7764e-015 0.3003
6 2.8 2.0277
-7.2 -2.4 -1.9461
3.6 2 -21.261
-5.6 -1.6 12.571
3.2 0.4 8.1937
0.8 5.6 18.057
-1.2 4.4 13.027
-5.6 -1.2 3.5195
-9.6 4 58.577
3.6 1.7764e-015 3.6862
-3.2 7.2 52.9
5.6 4.4 -1.0429
6.8 6.8 -3.7531
-2.8 -0.4 1.8079
-7.2 -8.8 27.184
9.6 5.2 -9.4572
3.6 6 -6.3003
-5.2 -1.2 8.3987
-0.4 -7.6 41.901
-8 3.2 54.436
-5.6 -0.8 4.5307
-1.6 0.8 9.2673
9.6 6 -10.646
-6.8 6.8 67.057
10 -6.8 107
-2.4 -5.2 19.196
4 -6.4 57.116
-2.8 3.6 13.3
-9.2 -1.2 11.841
5.6 -2.8 25.687
-6 9.2 105.5
-9.2 -3.2 13.619
-1.6 0.4 2.7574
6.8 -4.4 33.739
-7.2 -9.2 25.426
0.4 0.8 -10.564
0.4 -6.4 17.295
-4.4 -7.2 15.645
2 6 2.7738
6.4 2 -9.9681
-0.4 -5.2 21.917
-8 9.2 111.92
-1.2 2 -2.7527
4.4 8 9.9191
-4.4 -4.8 8.1065
3.6 -9.6 94.303
0.4 0.4 0.63478
3.2 1.7764e-015 -6.4472
-5.2 10 100.73
4.4 4.8 -2.157
-4 8.4 64.942
-6 6 61.797
-3.2 3.2 12.728
-3.6 1.2 16.314
7.6 6.4 -1.2568
6 3.6 -0.56681
1.2 -1.6 4.0284
-6.4 -8.4 22.493
2.4 7.2 20.65
5.2 -2.4 12.863
7.6 -3.6 48.671
9.6 -8.8 138.78
-9.6 10 158.37
5.6 -6.8 72.154
8.4 2.8 1.288
9.2 -4.4 67.273
-2.4 -4 4.5678
2 -2 9.0187
8.8 -5.2 80.781
9.2 0.4 12.835
-0.8 3.6 10.003
1.2 8.8 36.111
6.8 8 -11.526
4.4 6.4 9.9905
-1.6 -2.4 11.035
-2.4 -9.6 58.634
0.4 -6.8 35.099
5.6 -6 52.372
-7.2 3.2 27.94
-3.2 -4.4 8.9975
6 8.4 6.1674
7.2 1.7764e-015 7.383
1.7764e-015 7.2 32.991
1.2 3.2 9.486
-0.4 8 36.122
3.2 -5.6 35.743
2.4 4 -2.1001
-6.8 -2.8 2.8778
4.8 6 1.8781
4.8 -4.4 22.725
7.6 -2 23.739
1.6 -4.8 28.153
3.6 -2 0.78194
-9.6 -3.2 0.28807
9.6 -2.8 50.854
5.2 -4.8 34.543
-1.2 7.2 38.103
3.2 -4.4 22.349
5.6 -1.6 9.9034
7.6 0.4 10.034
6.8 4 -3.8046
-5.6 5.2 49.904
-4.4 9.2 88.747
-9.2 -0.4 29.365
-3.6 9.6 84.053
2.4 -7.2 48.851
-6 -8.4 27.948
-4.8 -0.8 -1.8076
0.8 1.2 10.056
7.2 -0.4 8.4066
8 -6.4 71.558
4.8 -1.6 0.72801
-4.4 -8 24.354
-9.2 4.4 66.233
-0.8 8.4 44.542
6.8 0.8 -2.3075
-2.8 5.2 26.94
-2.4 -2.4 1.9105
-6 -6.4 9.6612
-9.2 -8.8 23.612
-2.8 -8.8 32.344
-1.2 1.6 9.134
1.6 5.6 0.13976
-4 -2 8.8683
-3.2 -7.2 30.208
-1.2 6.4 25.504
-6.8 2 23.762
3.6 8.4 15.538
8.8 -4.8 60.019
-8.8 -8.8 18.689
-9.2 4 55.514
-6 9.6 109.22
7.2 7.2 -3.7365
3.2 -9.2 83.948
-0.8 -7.2 27.291
-8 -5.2 17.361
-8.4 -4.4 14.684
-2 -7.6 36.103
-2.4 4.4 16.917
10 -5.2 78.55
2 -2.4 4.2323
8 -3.6 49.146
-9.2 -5.2 10.632
2 6.4 20.521
-7.6 3.6 45.426
-8.4 -2 5.9288
1.2 -0.8 8.2909
9.2 2.4 0.083001
-3.6 1.7764e-015 2.8946
-8.4 0.8 24.78
8.8 3.2 -5.942
-2.8 -2.4 10.368
8.8 -6 83.781
-9.6 -4.8 0.0063559
2.8 -4.4 22.968
-6.8 -0.8 6.028
6 4 -7.9885
1.7764e-015 -2 8.1472
0.4 6 17.262
-2.8 0.8 8.9284
-0.8 6.8 22.994
-5.6 -5.2 16.115
-2.4 3.6 13.337
-8.8 0.4 25.564
-6.8 9.6 107.14
10 -1.6 35.18
-9.6 9.6 151.42
8.8 8.4 -8.045
-3.2 -6.4 18.943
-5.2 -8 24.555
3.2 -3.6 30.685
-0.8 -9.6 69.939
10 -0.4 24.588
-6.8 8.8 100.54
0.4 -8.8 56.117
-8.4 1.7764e-015 24.661
-5.6 -4 2.47
-4.8 6 48.648
-3.6 3.6 13.586
-8.4 -4 14.118
2 3.6 8.1558
8.4 -5.6 67.297
8.4 -2 33.437
-5.2 -5.6 4.6674
3.6 -6.8 59.163
-3.6 1.6 7.3049
0.4 3.6 10.275
2.4 -0.8 2.8378
-6 -6.8 14.506
0.4 1.7764e-015 -0.26421
-8.4 6.4 87.073
-9.2 7.2 95.062
8.4 -4 45.712
-4.4 8 67.523
-7.2 2 27.595
6 -0.4 -2.1421
6 1.6 12.299
1.6 -9.2 67.596
-2 4 6.034
2.4 0.4 -7.8228
-1.6 -1.6 4.7643
1.2 -6.8 46.932
-9.2 1.7764e-015 10.908
-3.6 -6.8 25.95
-4 10 94.949
-2.4 8 59.92
3.6 -8.4 61.077
-6 7.2 73.875
-4 -8.4 37.348
-4.4 2.8 12.576
5.2 8.8 16.025
2.8 8.4 18.247
-8.8 -2.8 18.51
3.6 -1.6 11.579
7.6 9.6 5.1185
-9.6 -2.4 14.717
-5.2 4.4 47.07
10 6 -15.41
-2 -6 14.799
-7.6 10 127.36
8.8 8.8 -2.8452
2 3.2 4.7971
-8.4 -3.6 14.282
-2.4 -1.2 -4.9388
-7.6 8.4 103.22
-1.6 -8.8 45.964
-4 1.6 9.252
9.6 3.2 -9.1319
8.8 -0.4 12.098
3.2 -6.8 48.733
6 8.8 6.2171
3.6 -4 19.636
9.6 -1.2 25.571
1.2 6 22.153
-9.6 -2 9.3396
2 -1.6 1.3294
-7.2 -0.8 14.656
4 1.6 0.61682
-2.8 -1.6 2.0156
6 -3.2 34.547
-7.6 6 74.15
7.2 -9.2 125.59
9.6 -8.4 142.59
-3.6 5.2 32.727
-8.4 -8.8 25.807
-5.6 2 32.144
7.2 -6 65.413
-7.2 -9.6 28.047
3.6 -5.6 22.259
-8.8 2.4 45.245
6.4 10 25.398
-4.4 -6 14.863
-2.4 -7.2 37.666
-4 5.6 30.25
8 -0.8 18.148
-9.6 -3.6 11.746
8 2 -7.6516
1.2 7.6 20.056
-6.4 -9.2 27.966
7.2 0.8 4.8863
-7.2 2.8 38.255
8 5.6 -8.8376
-2.4 4.8 15.988
-7.2 -7.2 16.325
-8.8 2 32.129
-6 0.8 9.4082
-2 0.4 4.7941
-8.4 -6 -0.50281
-4.8 4.4 34.152
-6 3.6 31.757
-6 -5.6 10.328