10 -7.2 117.26
0.8 -8.4 55.851
8 -5.2 54.247
-2 3.2 5.1657
4.8 3.6 -1.9407
-8.4 -5.2 14.435
5.2 -8.4 89.604
-0.4 3.6 -1.2442
-1.2 5.6 18.013
5.2 -3.6 38.337
3.6 -0.8 -0.33684
7.2 5.2 -7.608
-7.2 6.8 76.376
-2 -2.4 5.0272
-2.8 0.4 -3.6972
3.2 -7.2 71.775
-0.4 0.4 3.4979
6.4 2.8 -7.2619
2.4 7.6 24.206
-2 -5.2 13.759
-8.8 -2.4 20.384
-4.8 2.4 24.82
-7.6 1.6 21.492
-4.4 -3.6 13.07
7.6 4 -5.5212
-8 10 136.79
1.7764e-015 4.8 12.48
-3.2 -6 9.1373
-1.2 -3.6 11.287
8.8 4.4 -4.7875
6.8 -0.8 18.944
1.7764e-015 8.8 46.262
4 -8.4 84.165
-5.6 -4.8 12.657
-7.2 4.4 49.813
-3.6 -3.2 -3.8714
-0.4 -1.2 -3.623
-2 6 32.126
6.8 2.8 -6.7038
1.7764e-015 8 30.573
-8.4 6 77.386
-7.2 1.2 29.798
-0.4 7.2 26.306
-3.6 -2.8 -5.193
-6.4 5.6 57.049
2 2 -9.9749
6.4 6 -2.3776
9.6 -4.8 72.38
4 3.6 -9.8991
-2.4 0.8 4.3031
6 4.8 -4.5571
-0.8 -5.2 17.204
-3.6 2 12.993
1.2 -8.4 51.695
1.6 1.2 -9.1281
2.4 -1.6 -1.8539
7.6 -8.8 112.43
4.4 0.4 -2.5558
5.6 7.6 0.50569
-5.6 2.4 34.016
7.2 1.2 -2.7706
0.4 -1.6 5.7508
8.8 10 6.1956
3.2 -4.8 36.774
-2 -7.2 26.177
-2.4 1.6 -2.9603
-1.6 -4 17.206
1.7764e-015 2.4 -7.9435
1.6 2.8 -1.0569
7.2 2 -4.3928
0.4 -9.2 64.882
-1.2 -1.6 7.1652
9.6 0.4 19.823
5.2 -9.6 103.11
-8 -4 19.101
-4.8 8.8 89.489
-2 1.7764e-015 -1.6718
5.6 5.6 6.5867
-4 9.6 85.518
5.6 1.2 -4.5996
-0.4 1.6 1.5751
3.2 2.4 -11.146
-1.6 -3.6 10.732
-3.6 -4.4 -1.1766
1.6 -2.8 14.575
6.8 -8.4 98.574
7.2 6 -19.311
0.8 -8.8 62.713
2.8 2.4 -10.197
2.4 -4.4 19.843
4 -2 26.695
-5.2 -8.8 30.399
-1.2 4 13.707
-3.6 0.8 9.4793
-9.2 -8 23.196
6.4 -9.6 115.87
-5.6 0.8 20.256
-1.6 -0.4 2.1661
10 5.2 -5.955
0.8 -2 4.9612
-4.8 2 11.647
-3.2 10 90.33
-2 -4.8 12.473
6 -4.8 43.045
-8.4 1.6 24.36
7.2 -4.4 42.88
7.2 -5.2 62.803
-8.8 1.7764e-015 21.167
-6 -5.2 3.6509
-3.6 4 17.73
-2.8 1.7764e-015 8.1637
-3.6 -4.8 -5.0143
7.2 -2 22.277
-2 -3.2 8.8393
3.6 -2.8 14.123
5.6 -0.4 12.236
4.8 -6.4 61.063
5.2 -0.4 5.6778
4.4 1.2 -3.7766
-6.4 -0.8 13.965
-4.4 10 95.445
-5.2 -8.4 14.951
6.8 -5.6 58.923
-7.6 -6.4 17.271
-5.2 -2 14.087
2 1.7764e-015 3.7474
3.2 6.8 3.2646
1.2 1.6 -1.6062
-5.2 0.4 19.232
1.7764e-015 9.6 53.411
6.8 3.2 6.0804
9.6 -6.8 107.23
8.4 -1.2 25.721
4.4 -5.2 35.91
-0.8 -3.2 2.6742
-2.8 -1.2 3.7314
9.6 -1.6 23.74
-3.6 8.8 80.212
5.2 -8.8 103.08
4 -8 74.641
-4 4.8 43.57
8.4 8 11.561
-4 2 17.493
-4.8 2.8 17.476
-7.2 -8.4 19.264
-6.8 8.4 102.93
2.8 5.2 1.2186
-4.8 9.6 97.543
-7.6 2 37.239
8.4 4.4 -5.2163
0.4 10 53.295
2 1.2 -5.1735
-3.2 -5.6 23.279
1.6 2 1.9357
7.2 10 20.047
-4.4 2 14.702
-1.2 -6 13.858
2 4.4 -0.058718
-4.4 9.6 75.046
-9.2 1.2 27.351
-9.6 1.2 26.599
-9.2 -2 14.012
4.8 6.4 -2.4992
4.8 -0.4 8.7007
10 6.8 -2.6505
-7.6 7.6 88.346
4.4 -7.2 74.095
-8.8 6 90.584
1.7764e-015 -8.4 47.796
-2 7.6 41.346
1.7764e-015 10 56.929
4 1.2 -1.8396
5.2 5.2 -0.53385
-6.4 -3.2 12.623
-8.4 2.4 34.309
6.8 -8.8 103.92
3.2 -2.4 9.0704
-9.2 -9.6 26.415
6 -5.2 43.465
2 4 -0.20845
-5.6 -6.8 16.297
7.6 -4 48.176
8.8 -5.6 83.596
9.6 2 0.88018
-8.8 -1.2 3.7948
-2.4 2.4 7.6276
-3.6 -2 6.0362
1.6 -9.6 71.112
-4 -4 23.6
-8.8 9.6 138.14
-2.8 -4.8 -3.7936
2.8 6.8 13.189
2.8 6.4 13.542
-7.6 -3.2 11.488
-6.4 8 84.671
-7.2 10 125.87
-1.6 8.4 56.571
-2 2.8 16.433
-8.8 2.8 39.93
-4 3.2 18.993